0 0.447813 0.457743 0.046500 0.048264
0 0.516086 0.437306 0.050219 0.045222
0 0.342871 0.543014 0.040086 0.067778
0 0.353422 0.465382 0.048797 0.066292
0 0.440617 0.581764 0.052109 0.067083
0 0.431977 0.423590 0.035563 0.031431
0 0.364621 0.437354 0.038273 0.032542
0 0.327879 0.417847 0.027508 0.032639
0 0.286082 0.406208 0.029195 0.028778
0 0.722699 0.548438 0.064523 0.070153
0 0.595125 0.528715 0.048922 0.060597
0 0.839027 0.618604 0.091758 0.080875
0 0.499820 0.556868 0.065250 0.073042
0 0.532348 0.674667 0.070008 0.105194
0 0.491508 0.462472 0.038531 0.040222
0 0.626020 0.499549 0.052102 0.053181
0 0.242863 0.433750 0.037383 0.031111
0 0.255184 0.459757 0.037945 0.028375
0 0.835645 0.550958 0.091164 0.076389
0 0.287070 0.591264 0.085078 0.179139
0 0.248633 0.518194 0.047734 0.083333
