0 0.657918 0.699174 0.088586 0.113542
0 0.597602 0.826569 0.094047 0.139778
0 0.498109 0.628722 0.066484 0.102194
0 0.766156 0.642278 0.077375 0.085111
0 0.920125 0.651618 0.100234 0.102764
0 0.703902 0.503556 0.056852 0.056694
0 0.628617 0.510549 0.052250 0.047597
0 0.650879 0.573160 0.051320 0.038792
0 0.467348 0.438743 0.040352 0.050375
0 0.308668 0.521285 0.039961 0.057486
0 0.544996 0.502125 0.044727 0.050056
0 0.401004 0.677424 0.060992 0.114903
0 0.443539 0.502944 0.049437 0.066778
0 0.426203 0.434785 0.024469 0.028347
0 0.369398 0.587653 0.046719 0.076750
0 0.390766 0.585007 0.090297 0.082125
0 0.824797 0.925014 0.050750 0.122083
0 0.409316 0.582924 0.053508 0.068403
0 0.693453 0.502632 0.035781 0.050653
0 0.346574 0.421562 0.034867 0.026319
0 0.257535 0.479528 0.039695 0.043667
0 0.373914 0.520076 0.049109 0.050653
0 0.331594 0.482139 0.039625 0.040083
0 0.533035 0.579354 0.058258 0.066653
0 0.379664 0.479063 0.043313 0.031208
0 0.664684 0.968021 0.108258 0.063958
0 0.262820 0.415514 0.020234 0.022028
0 0.297328 0.417542 0.032359 0.032444
0 0.350711 0.403014 0.027891 0.018611
