0 0.768801 0.568944 0.067367 0.067306
0 0.608117 0.889674 0.110719 0.182292
0 0.762918 0.409319 0.037430 0.050444
0 0.965617 0.707667 0.064375 0.065278
0 0.193668 0.397451 0.017305 0.018514
0 0.397859 0.446743 0.033891 0.034403
0 0.429688 0.436042 0.039203 0.042306
0 0.271941 0.832722 0.080508 0.161889
0 0.497332 0.481389 0.042758 0.038750
0 0.686523 0.742688 0.090188 0.116347
0 0.241219 0.409500 0.023906 0.026250
0 0.268250 0.407347 0.023438 0.023611
0 0.308348 0.468222 0.041039 0.029722
0 0.274512 0.490299 0.037586 0.031958
0 0.239520 0.534507 0.037586 0.048958
0 0.596918 0.465854 0.033398 0.050125
0 0.478766 0.609819 0.067016 0.101028
0 0.275813 0.707993 0.062688 0.101264
0 0.379980 0.618111 0.065930 0.112194
0 0.555379 0.463292 0.053617 0.062583
0 0.635223 0.557438 0.058961 0.051931
0 0.772852 0.652861 0.078312 0.090583
0 0.814422 0.519597 0.059906 0.057917
0 0.462691 0.949444 0.114289 0.095083
0 0.326355 0.416861 0.034852 0.035861
