0 0.628043 0.873243 0.128164 0.189486
0 0.470750 0.970694 0.107828 0.058611
0 0.955594 0.604542 0.060469 0.071000
0 0.258871 0.546056 0.041852 0.098833
0 0.565293 0.478840 0.051898 0.052153
0 0.682031 0.497563 0.052500 0.052875
0 0.800590 0.506889 0.063258 0.047667
0 0.567648 0.498556 0.055547 0.091250
0 0.778430 0.655236 0.084578 0.071583
0 0.332496 0.536979 0.043039 0.062375
0 0.506848 0.426722 0.107133 0.086361
0 0.249191 0.401049 0.029961 0.028875
0 0.283199 0.401208 0.028992 0.023194
0 0.302961 0.421778 0.024641 0.021667
0 0.364375 0.410181 0.022266 0.019722
0 0.344336 0.429833 0.028594 0.028472
0 0.389941 0.425681 0.035602 0.030556
0 0.274523 0.487076 0.041625 0.048625
0 0.321902 0.477174 0.042477 0.041736
0 0.373688 0.509882 0.046656 0.053847
0 0.821996 0.559021 0.068773 0.055764
0 0.709703 0.551840 0.060687 0.062014
0 0.301055 0.650069 0.051656 0.093056
0 0.424316 0.566549 0.052336 0.080403
0 0.652672 0.438937 0.125906 0.087792
