0 0.267227 0.587076 0.047422 0.076542
0 0.246949 0.907264 0.098727 0.153556
0 0.877773 0.645674 0.082687 0.071264
0 0.576258 0.483083 0.050875 0.052889
0 0.774734 0.870417 0.118641 0.148306
0 0.456187 0.604014 0.051344 0.077194
0 0.715336 0.513646 0.055375 0.059792
0 0.700340 0.598917 0.066695 0.071306
0 0.521508 0.653722 0.071312 0.110250
0 0.850840 0.694007 0.089523 0.083181
0 0.340656 0.542938 0.051359 0.061986
0 0.284801 0.690958 0.060633 0.132806
0 0.409402 0.675194 0.059086 0.113833
0 0.363246 0.436806 0.034602 0.033056
0 0.313867 0.423271 0.029781 0.025153
0 0.670859 0.959403 0.121422 0.081194
0 0.420586 0.541306 0.061297 0.065639
0 0.496500 0.555632 0.057922 0.055653
0 0.445234 0.458167 0.036359 0.036000
0 0.491344 0.430340 0.037109 0.036986
0 0.372633 0.407882 0.035141 0.022681
0 0.313199 0.403444 0.026211 0.021056
0 0.264359 0.485590 0.041141 0.041958
0 0.234652 0.522486 0.040539 0.061528
0 0.229324 0.454396 0.043445 0.038514
0 0.242824 0.409979 0.032102 0.025069
0 0.266414 0.395924 0.020328 0.017208
0 0.601582 0.458986 0.026023 0.035472
