0 0.274492 0.601458 0.045703 0.077639
0 0.435477 0.937347 0.130000 0.125306
0 0.346039 0.490681 0.044453 0.054667
0 0.266344 0.486285 0.044469 0.049653
0 0.374953 0.441222 0.038906 0.033472
0 0.411867 0.434806 0.026953 0.024028
0 0.250437 0.397632 0.026969 0.019181
0 0.212609 0.395278 0.029375 0.030139
0 0.816074 0.924486 0.153586 0.151028
0 0.775660 0.422097 0.046977 0.046361
0 0.528711 0.726479 0.068359 0.103097
0 0.718422 0.604090 0.064609 0.080347
0 0.850078 0.562396 0.061766 0.079153
0 0.785410 0.561993 0.099039 0.095264
0 0.591023 0.523118 0.037328 0.045514
0 0.386320 0.626479 0.060344 0.094069
0 0.482926 0.471910 0.041492 0.029542
0 0.575605 0.480167 0.052039 0.051056
0 0.613719 0.476444 0.036594 0.034639
0 0.306184 0.413299 0.020102 0.019597
0 0.482750 0.459958 0.040453 0.051111
0 0.454742 0.588958 0.060266 0.078472
