0 0.502848 0.649896 0.069930 0.107847
0 0.245195 0.468882 0.037844 0.045958
0 0.352063 0.438153 0.024984 0.019639
0 0.396699 0.429840 0.020930 0.020986
0 0.474445 0.467375 0.056922 0.043306
0 0.323359 0.527243 0.047531 0.068097
0 0.632035 0.477938 0.051398 0.031458
0 0.620934 0.445451 0.047195 0.027958
0 0.616176 0.503819 0.054633 0.051944
0 0.825617 0.553174 0.072453 0.071042
0 0.765852 0.602361 0.068687 0.075500
0 0.559059 0.775174 0.082117 0.124764
0 0.835090 0.689382 0.090305 0.084542
0 0.485961 0.466681 0.033984 0.043111
0 0.969418 0.721208 0.061164 0.087139
0 0.432621 0.946292 0.124211 0.103944
0 0.262660 0.544792 0.044383 0.062722
0 0.199688 0.394319 0.026563 0.018611
0 0.304203 0.402257 0.029375 0.021375
0 0.271934 0.408438 0.028477 0.023458
0 0.323504 0.420187 0.029914 0.025708
0 0.383594 0.486229 0.042563 0.040347
0 0.314008 0.476722 0.040125 0.032000
0 0.555629 0.460847 0.035242 0.038972
0 0.282715 0.652715 0.056102 0.099875
