0 0.260867 0.484660 0.036172 0.030319
0 0.913605 0.577306 0.082945 0.086500
0 0.322051 0.417250 0.041477 0.034167
0 0.333816 0.486021 0.042555 0.046042
0 0.436531 0.570028 0.026328 0.068694
0 0.735352 0.799910 0.133313 0.189319
0 0.402156 0.416674 0.039625 0.036097
0 0.262145 0.452299 0.037336 0.038681
0 0.251699 0.551090 0.041086 0.049458
0 0.213613 0.403931 0.022867 0.022972
0 0.262152 0.408181 0.029195 0.030528
0 0.290391 0.436958 0.040656 0.038056
0 0.374441 0.476618 0.043508 0.037375
0 0.431758 0.507153 0.050609 0.067306
0 0.387375 0.636292 0.081234 0.194861
0 0.293238 0.778486 0.072430 0.150000
0 0.737738 0.492535 0.051555 0.051847
0 0.748547 0.577972 0.070609 0.064361
0 0.544289 0.733528 0.073797 0.110306
0 0.301063 0.596229 0.042797 0.074347
0 0.897281 0.460250 0.070922 0.064389
0 0.508844 0.566375 0.054641 0.063167
0 0.328020 0.541375 0.038570 0.062972
0 0.292254 0.506646 0.039008 0.062097
