0 0.522504 0.693181 0.066523 0.116250
0 0.682719 0.721694 0.086203 0.128083
0 0.811191 0.676153 0.085023 0.082917
0 0.264410 0.412618 0.026602 0.029375
0 0.314539 0.418965 0.029125 0.026125
0 0.342402 0.487542 0.044805 0.060250
0 0.238008 0.521618 0.038359 0.048542
0 0.328992 0.545743 0.044453 0.062847
0 0.537172 0.435243 0.040859 0.031319
0 0.447652 0.466097 0.031711 0.040250
0 0.498750 0.483896 0.053984 0.047986
0 0.546398 0.579736 0.076922 0.100333
0 0.674531 0.959542 0.116797 0.080917
0 0.285242 0.631951 0.051547 0.069986
0 0.277656 0.588813 0.049469 0.056153
0 0.663152 0.476292 0.043758 0.030861
0 0.840418 0.959729 0.047195 0.068264
0 0.282738 0.782111 0.078508 0.169556
0 0.936516 0.692208 0.085641 0.076556
0 0.979398 0.580125 0.041125 0.071694
0 0.447281 0.573403 0.053781 0.065833
0 0.610254 0.474090 0.050336 0.051625
0 0.596523 0.529813 0.038641 0.048931
0 0.397578 0.657521 0.069687 0.137236
0 0.929129 0.608486 0.083602 0.075306
0 0.676910 0.580743 0.062211 0.066819
