0 0.295273 0.466639 0.043969 0.041472
0 0.345562 0.493021 0.042312 0.041069
0 0.597281 0.640146 0.071766 0.091403
0 0.188508 0.396528 0.027266 0.021389
0 0.230266 0.400278 0.015469 0.021667
0 0.254273 0.405319 0.030000 0.027417
0 0.567023 0.448021 0.042531 0.028625
0 0.562262 0.489764 0.046398 0.041139
0 0.432199 0.899576 0.107914 0.200847
0 0.830715 0.612056 0.071617 0.062139
0 0.639145 0.561507 0.038602 0.050625
0 0.307414 0.529340 0.047016 0.072653
0 0.239656 0.521167 0.040266 0.063167
0 0.382117 0.624201 0.050766 0.077236
0 0.340457 0.421069 0.031586 0.039028
0 0.668086 0.521965 0.043828 0.044931
0 0.423809 0.421687 0.037070 0.034153
0 0.507133 0.464465 0.040359 0.037986
0 0.874926 0.697778 0.079148 0.081972
0 0.273965 0.839493 0.085648 0.135764
0 0.853082 0.942514 0.107055 0.108250
